{
 "cells": [
  {
   "cell_type": "code",
   "execution_count": 1,
   "id": "029d6e72-2f83-4a69-bdc5-29076e41cb1e",
   "metadata": {},
   "outputs": [
    {
     "name": "stdout",
     "output_type": "stream",
     "text": [
      "<module 'open3d' from 'C:\\\\Users\\\\WSADMIN\\\\anaconda3\\\\lib\\\\site-packages\\\\open3d\\\\__init__.py'>\n",
      "False\n"
     ]
    }
   ],
   "source": [
    "import ifm3dpy\n",
    "from ifm3dpy import * \n",
    "import json\n",
    "import matplotlib.pyplot as plt\n",
    "import cv2\n",
    "import open3d as o3d\n",
    "import pandas as pd\n",
    "import numpy as np\n",
    "import copy\n",
    "import time\n",
    "import tensorflow as tf\n",
    "import pickle\n",
    "import keyboard\n",
    "import segmentation_models as sm\n",
    "import asyncio\n",
    "\n",
    "from PIL import Image\n",
    "from scipy.interpolate import RectBivariateSpline\n",
    "print(o3d)\n",
    "print(o3d.core.cuda.is_available())"
   ]
  },
  {
   "cell_type": "code",
   "execution_count": 2,
   "id": "1124e819-1a1c-469a-848b-2286f41cd4e6",
   "metadata": {},
   "outputs": [],
   "source": [
    "import numpy as np\n",
    "import segmentation_models as sm\n",
    "import cv2\n",
    "from PIL import Image\n",
    "sm.set_framework('tf.keras')\n",
    "\n",
    "class HandlingUnitExtractor():\n",
    "    def __init__(self):\n",
    "        model_file = 'best_model_handling_unit.h5'\n",
    "        self.model_img_size = (512, 512)\n",
    "        self.model = sm.Unet('efficientnetb3', classes=1, activation='sigmoid')\n",
    "        self.model.load_weights(model_file) \n",
    "        self.preprocessor = sm.get_preprocessing('efficientnetb3')\n",
    "        \n",
    "    def extract(self, img):\n",
    "        h, w = img.shape[:2]\n",
    "        image = cv2.resize(img, self.model_img_size, interpolation = cv2.INTER_AREA)\n",
    "        image = self.preprocessor(image)\n",
    "        \n",
    "        #t = time.time()\n",
    "        #mask = self.model.predict(np.expand_dims(image, axis=0)).round().squeeze()\n",
    "        mask = self.model(np.expand_dims(image, axis=0)).numpy()\n",
    "        #print(mask)\n",
    "        mask = mask.round().squeeze()\n",
    "        #print(time.time() -t)\n",
    "        mask = cv2.resize(mask, (w, h), interpolation = cv2.INTER_AREA)\n",
    "        \n",
    "        mask = self.isolate_largest_component(mask)\n",
    "        \n",
    "        return mask.astype(np.uint8)\n",
    "\n",
    "    def isolate_largest_component(self, img):\n",
    "        result = np.zeros((img.shape))\n",
    "        labels, stats = cv2.connectedComponentsWithStats(img.astype(np.uint8), connectivity=8)[1:3]                   \n",
    "        \n",
    "        largest_label = 1 + np.argmax(stats[1:, cv2.CC_STAT_AREA])\n",
    "        result[labels == largest_label] = 255 \n",
    "\n",
    "        return result"
   ]
  },
  {
   "cell_type": "code",
   "execution_count": 59,
   "id": "51736d1c-c343-4ee6-86f4-122c77cf6773",
   "metadata": {},
   "outputs": [],
   "source": [
    "def turnoffO3R(o3r):\n",
    "    config = o3r.get()\n",
    "    config['ports']['port0']['state'] = 'IDLE'\n",
    "    config['ports']['port2']['state'] = 'IDLE'\n",
    "    o3r.set(config)\n",
    "    \n",
    "def turnonO3R(o3r):\n",
    "    config = o3r.get()\n",
    "    config['ports']['port0']['state'] = 'RUN'\n",
    "    config['ports']['port2']['state'] = 'RUN'\n",
    "    o3r.set(config)\n",
    "\n",
    "def RectificationalizationColor(image, intrinsics):    \n",
    "\n",
    "    fx, fy, mx, my, alpha, k1, k2, k5, k3, k4, *_ = intrinsics\n",
    "\n",
    "    dmap = image\n",
    "    \n",
    "    KKNoAlpha = np.array([[fx, 0.0, mx],\n",
    "                          [0,  fy,  my],\n",
    "                          [0,  0,   1]])\n",
    "\n",
    "    # Generate the pixel coordinates\n",
    "    px,py = np.meshgrid(np.arange(0, dmap.shape[1]),\n",
    "                        np.arange(0, dmap.shape[0]))\n",
    "\n",
    "    # Homogeneous coordinates\n",
    "    coords = np.hstack([px.reshape(-1,1) + 0.5, py.reshape(-1,1) + 0.5, np.ones([px.size, 1])]).T\n",
    "\n",
    "    # Transfer into a normalized coordinate frame\n",
    "    # (f=1, origin is the center, Dim: -1..1)\n",
    "    coords_norm = np.linalg.solve(KKNoAlpha, coords)\n",
    "    \n",
    "    # Apply distortion\n",
    "    R2 = np.square(coords_norm[0]) + np.square(coords_norm[1])\n",
    "    R4 = np.square(R2)\n",
    "    R6 = np.power(R2,3)\n",
    "    radial_dist = 1 + k1*R2 + k2*R4 + k5*R6\n",
    "\n",
    "    a1 = 2*coords_norm[0]*coords_norm[1]\n",
    "    a2 = R2 + 2*np.square(coords_norm[0])\n",
    "    a3 = R2 + 2*np.square(coords_norm[1])\n",
    "    tangential_dist = np.vstack([k3*a1 + k4*a2, k3*a3 + k4*a1])\n",
    "\n",
    "    coord_dist = np.vstack([np.ones([2,1])*radial_dist*coords_norm[0:2] + tangential_dist, np.ones([1,px.size])])\n",
    "\n",
    "    # Transformer --> Pixel\n",
    "    KK = KKNoAlpha\n",
    "    KK[0,1] = fx*alpha\n",
    "    #KK[0,1] = alpha\n",
    "    coord_dist = KK.dot(coord_dist)\n",
    "    \n",
    "    \n",
    "    fr = RectBivariateSpline(np.arange(0, dmap.shape[0]),\n",
    "                        np.arange(0, dmap.shape[1]),\n",
    "                        dmap[:,:,0])\n",
    "    fg = RectBivariateSpline(np.arange(0, dmap.shape[0]),\n",
    "                        np.arange(0, dmap.shape[1]),\n",
    "                        dmap[:,:,1])\n",
    "    fb = RectBivariateSpline(np.arange(0, dmap.shape[0]),\n",
    "                        np.arange(0, dmap.shape[1]),\n",
    "                        dmap[:,:,2])\n",
    "\n",
    "    rectifiedr = fr(coord_dist[1]-0.5, coord_dist[0]-0.5, grid=False) /255\n",
    "    rectifiedg = fg(coord_dist[1]-0.5, coord_dist[0]-0.5, grid=False) /255\n",
    "    rectifiedb =  fb(coord_dist[1]-0.5, coord_dist[0]-0.5, grid=False)/255\n",
    "\n",
    "    \n",
    "\n",
    "\n",
    "    amp_rectifiedr = rectifiedr.reshape(dmap.shape[:2])\n",
    "    amp_rectifiedg = rectifiedg.reshape(dmap.shape[:2])\n",
    "    amp_rectifiedb = rectifiedb.reshape(dmap.shape[:2])\n",
    "\n",
    "    \n",
    "    img = np.stack([amp_rectifiedr,amp_rectifiedg,amp_rectifiedb], axis=2)\n",
    "    #img = img*255\n",
    "    #print(img)\n",
    "    #print(img.shape)\n",
    "    #plt.imshow(img)\n",
    "    return img\n",
    "    \n",
    "def Rectificationalization(image, intrinsics):\n",
    "    \n",
    "    amp = image\n",
    "    # Unpack intrinsics values\n",
    "    fx, fy, mx, my, alpha, k1, k2, k5, k3, k4, *_ = intrinsics\n",
    "\n",
    "    # Create the camera matrix\n",
    "    # If the current application is using the 23k imager, fx/fy/mx/my must be divided by two.\n",
    "    # If the current application is using the full resolution imager, fx/fy/mx/my can be used 'as-is'\n",
    "    \n",
    "    \n",
    "    KKNoAlpha = np.array([[fx, 0.0, mx],\n",
    "                              [0,  fy,  my],\n",
    "                              [0,  0,   1]])\n",
    "\n",
    "    # Generate the pixel coordinates\n",
    "    px,py = np.meshgrid(np.arange(0, amp.shape[1]),\n",
    "                        np.arange(0, amp.shape[0]))\n",
    "\n",
    "    # Homogeneous coordinates\n",
    "    coords = np.hstack([px.reshape(-1,1) + 0.5, py.reshape(-1,1) + 0.5, np.ones([px.size, 1])]).T\n",
    "\n",
    "    # Transfer into a normalized coordinate frame\n",
    "    # (f=1, origin is the center, Dim: -1..1)\n",
    "    coords_norm = np.linalg.solve(KKNoAlpha, coords)\n",
    "    \n",
    "    # Apply distortion\n",
    "    R2 = np.square(coords_norm[0]) + np.square(coords_norm[1])\n",
    "    R4 = np.square(R2)\n",
    "    R6 = np.power(R2,3)\n",
    "    radial_dist = 1 + k1*R2 + k2*R4 + k5*R6\n",
    "\n",
    "    a1 = 2*coords_norm[0]*coords_norm[1]\n",
    "    a2 = R2 + 2*np.square(coords_norm[0])\n",
    "    a3 = R2 + 2*np.square(coords_norm[1])\n",
    "    tangential_dist = np.vstack([k3*a1 + k4*a2, k3*a3 + k4*a1])\n",
    "\n",
    "    coord_dist = np.vstack([np.ones([2,1])*radial_dist*coords_norm[0:2] + tangential_dist,\n",
    "                       np.ones([1,px.size])])\n",
    "\n",
    "    # Transformer --> Pixel\n",
    "    KK = KKNoAlpha\n",
    "    KK[0,1] = fx*alpha\n",
    "    #KK[0,1] = alpha\n",
    "    coord_dist = KK.dot(coord_dist)\n",
    "    \n",
    "    f = RectBivariateSpline(np.arange(0, amp.shape[0]),\n",
    "                        np.arange(0, amp.shape[1]),\n",
    "                        amp)\n",
    "    rectified = f(coord_dist[1]-0.5, coord_dist[0]-0.5, grid=False)\n",
    "    amp_rectified = rectified.reshape(amp.shape)\n",
    "    return amp_rectified\n",
    "\n",
    "def visualize(**images):\n",
    "    n = len(images)\n",
    "    plt.figure(figsize=(16, 8))\n",
    "    for i, (name, image) in enumerate(images.items()):\n",
    "        plt.subplot(1, n, i + 1)\n",
    "        plt.xticks([])\n",
    "        plt.yticks([])\n",
    "        plt.title(' '.join(name.split('_')) + f' {image.shape} {image.shape[1] / image.shape[0]:.2f}'.title())\n",
    "        plt.imshow(image)\n",
    "    plt.show()\n",
    "\n",
    "def preprocess_point_cloud(pcd, voxel_size):\n",
    "    #print(\":: Downsample with a voxel size %.3f.\" % voxel_size)\n",
    "    #pcd_down = pcd.voxel_down_sample(voxel_size)\n",
    "    pcd_down = pcd.to_legacy()\n",
    "    radius_normal = voxel_size * 2\n",
    "    #print(\":: Estimate normal with search radius %.3f.\" % radius_normal)\n",
    "    pcd_down.estimate_normals(o3d.geometry.KDTreeSearchParamHybrid(radius=radius_normal, max_nn=30))\n",
    "\n",
    "    radius_feature = voxel_size * 5\n",
    "    #print(\":: Compute FPFH feature with search radius %.3f.\" % radius_feature)\n",
    "    pcd_fpfh = o3d.pipelines.registration.compute_fpfh_feature(\n",
    "        pcd_down,\n",
    "        o3d.geometry.KDTreeSearchParamHybrid(radius=radius_feature, max_nn=100))\n",
    "    return pcd_down, pcd_fpfh\n",
    "\n",
    "def execute_fast_global_registration(source_down, target_down, source_fpfh,\n",
    "                                     target_fpfh, voxel_size):\n",
    "    distance_threshold = voxel_size * 0.5\n",
    "    #print(\":: Apply fast global registration with distance threshold %.3f\" \\ % distance_threshold)\n",
    "    result = o3d.pipelines.registration.registration_fgr_based_on_feature_matching(\n",
    "        source_down, target_down, source_fpfh, target_fpfh,\n",
    "        o3d.pipelines.registration.FastGlobalRegistrationOption(\n",
    "            maximum_correspondence_distance=distance_threshold))\n",
    "    return result\n",
    "\n",
    "def execute_global_registration(source_down, target_down, source_fpfh,\n",
    "                                target_fpfh, voxel_size):\n",
    "    distance_threshold = voxel_size * 1.5\n",
    "    #print(\":: RANSAC registration on downsampled point clouds.\")\n",
    "    #print(\"   Since the downsampling voxel size is %.3f,\" % voxel_size)\n",
    "    #print(\"   we use a liberal distance threshold %.3f.\" % distance_threshold)\n",
    "    result = o3d.pipelines.registration.registration_ransac_based_on_feature_matching(\n",
    "        source_down, target_down, source_fpfh, target_fpfh, True,\n",
    "        distance_threshold,\n",
    "        o3d.pipelines.registration.TransformationEstimationPointToPoint(False),\n",
    "        3, [\n",
    "            o3d.pipelines.registration.CorrespondenceCheckerBasedOnEdgeLength(0.9),\n",
    "            o3d.pipelines.registration.CorrespondenceCheckerBasedOnDistance(distance_threshold)\n",
    "        ], o3d.pipelines.registration.RANSACConvergenceCriteria(100000, 0.999))\n",
    "    return result\n",
    "\n",
    "def refine_registration(source, target, source_fpfh, target_fpfh, voxel_size):\n",
    "    #distance_threshold = voxel_size * 0.4\n",
    "    distance_threshold = voxel_size * 0.4\n",
    "    #print(\":: Point-to-plane ICP registration is applied on original point\")\n",
    "    #print(\"   clouds to refine the alignment. This time we use a strict\")\n",
    "    #print(\"   distance threshold %.3f.\" % distance_threshold)\n",
    "    result = o3d.pipelines.registration.registration_icp(\n",
    "        source, target, distance_threshold, result_ransac.transformation,\n",
    "        o3d.pipelines.registration.TransformationEstimationPointToPlane(),\n",
    "        o3d.pipelines.registration.ICPConvergenceCriteria(max_iteration=2000))\n",
    "    return result\n",
    "\n",
    "def refine_registrationP2P(source, target, source_fpfh, target_fpfh, voxel_size):\n",
    "    distance_threshold = voxel_size * 0.4\n",
    "    #print(\":: Point-to-plane ICP registration is applied on original point\")\n",
    "    #print(\"   clouds to refine the alignment. This time we use a strict\")\n",
    "    #print(\"   distance threshold %.3f.\" % distance_threshold)\n",
    "    result = o3d.pipelines.registration.registration_icp(\n",
    "        source, target, distance_threshold, result_ransac.transformation,\n",
    "        o3d.pipelines.registration.TransformationEstimationPointToPoint(),\n",
    "        o3d.pipelines.registration.ICPConvergenceCriteria(max_iteration=2000))\n",
    "    return result\n",
    "\n",
    "def undistort(img):\n",
    "    roi = (125, 102, 860, 515)\n",
    "    #roi = (0, 0, 1041, 799)\n",
    "    \n",
    "    # mtx = np.array([[607.43997952,   0.        , 645.96889836],\n",
    "    #             [  0.        , 605.58954233, 391.50563407],\n",
    "    #             [  0.        ,   0.        ,   1.        ]]\n",
    "                   \n",
    "    \n",
    "    \n",
    "    mtx = np.array([[607.43997952,   0.        , 645.96889836],\n",
    "                    [  0.        , 605.58954233, 391.50563407],\n",
    "                    [  0.        ,   0.        ,   1.        ]])\n",
    "\n",
    "    dist = np.array([[-0.35962477,  0.16171162, -0.00081826, -0.00444003, -0.03848117]])\n",
    "\n",
    "    #dist = np.array([[-0.35427392,  0.28329617, -0.00391964, -0.00128499, -0.16376514]])    \n",
    "    newcameramtx = np.array([[408.22506714,   0.        , 558.75454709],\n",
    "                          [  0.        , 390.17321777, 354.4384903 ],\n",
    "                          [  0.        ,   0.        ,   1.        ]])\n",
    "                   \n",
    "    # newcameramtx = np.array([[572.56311035,   0.,         520.36453768],\n",
    "    #                      [  0.,         568.80871582, 394.30206237],\n",
    "    #                      [  0.,          0.,           1.        ]])\n",
    "\n",
    "    dst = cv2.undistort(img, mtx, dist, None, newcameramtx)\n",
    "    x, y, w, h = roi\n",
    "    d = dst.copy()\n",
    "    dst = dst[y:y+h, x:x+w]\n",
    "    return dst\n",
    "\n",
    "def loadpickle(filename = 'bag'):\n",
    "    with open(filename, \"rb\") as fp:\n",
    "            frames = pickle.load(fp)\n",
    "    return frames\n",
    "\n",
    "\n",
    "    \n",
    "\n",
    "            \n",
    "\n",
    "# rgb = cv2.imdecode(frames[0][1], cv2.IMREAD_UNCHANGED) \n",
    "# rgb = undistort(rgb)\n",
    "# rgb = cv2.cvtColor(rgb, cv2.COLOR_BGR2RGB)  \n",
    "# rgb = rgb[:, 95:-95]\n",
    "# rgb = cv2.resize(rgb, (224,172), interpolation = cv2.INTER_AREA)\n",
    "# plt.imshow(rgb)\n",
    "\n",
    "\n",
    "    \n",
    "    \n",
    "def load_point_clouds(frames = None, numframes=200, picklefile= 'bag2'):    \n",
    "       \n",
    "        \n",
    "    \n",
    "    pcds = []\n",
    "    maskpcds = []\n",
    "    hue = HandlingUnitExtractor()\n",
    "    for frame in frames:    \n",
    "        rgb = frame[1]\n",
    "        xyz = frame[0]  \n",
    "        \n",
    "        rgb = cv2.imdecode(rgb, cv2.IMREAD_UNCHANGED)\n",
    "        rgb = cv2.cvtColor(rgb, cv2.COLOR_BGR2RGB)\n",
    "        \n",
    "        #    pic = pic[:, 119:-119]\n",
    "        # pic = cv2.resize(pic, (224,172), interpolation = cv2.INTER_AREA)\n",
    "        # print(pic.shape)\n",
    "        # pic = pic/255\n",
    "        \n",
    "        \n",
    "       \n",
    "        \n",
    "        \n",
    "#         rgb = cv2.imdecode(rgb, cv2.IMREAD_UNCHANGED)\n",
    "#         rgb = undistort(rgb)         \n",
    "#         rgb = cv2.cvtColor(rgb, cv2.COLOR_BGR2RGB)  \n",
    "#         rgb = rgb[:, 95:-95]\n",
    "        \n",
    "        #mask = hue.extract(rgb)\n",
    "        \n",
    "        rgb = rgb[:, 119:-119]\n",
    "        rgb = cv2.resize(rgb, (224,172), interpolation = cv2.INTER_AREA)\n",
    "        \n",
    "        #mask = mask[:, 119:-119]        \n",
    "        #mask = cv2.cvtColor(mask, cv2.COLOR_GRAY2RGB) \n",
    "        #mask[:,:,1] = 0   \n",
    "        #mask = cv2.resize(mask, (224,172), interpolation = cv2.INTER_AREA)\n",
    "       \n",
    "        #rgb = undistort(rgb)\n",
    "        \n",
    "        rgb = rgb.reshape((rgb.shape[0] * rgb.shape[1], 3))\n",
    "        rgb = rgb/255\n",
    "        \n",
    "        #mask = mask.reshape((mask.shape[0] * mask.shape[1], 3))\n",
    "        #mask = mask/255\n",
    "        \n",
    "        xyz = xyz.reshape((xyz.shape[0] * xyz.shape[1], 3))     \n",
    "        \n",
    "        \n",
    "        pcl = o3d.geometry.PointCloud()        \n",
    "        pcl.points = o3d.utility.Vector3dVector(xyz)    \n",
    "        pcl.colors = o3d.utility.Vector3dVector(rgb)         \n",
    "        pcds.append(pcl)    \n",
    "        \n",
    "        # maskpcl = o3d.geometry.PointCloud()        \n",
    "        # maskpcl.points = o3d.utility.Vector3dVector(xyz)    \n",
    "        # maskpcl.colors = o3d.utility.Vector3dVector(mask)         \n",
    "        # maskpcds.append(maskpcl)    \n",
    "        \n",
    "    \n",
    "    return  pcds, maskpcds\n",
    "\n",
    "def pairwise_registration(source, target):    \n",
    "    voxel_sizes = o3d.utility.DoubleVector([0.1, 0.05, 0.025])\n",
    "\n",
    "    # List of Convergence-Criteria for Multi-Scale ICP:\n",
    "    criteria_list = [\n",
    "        o3d.t.pipelines.registration.ICPConvergenceCriteria(relative_fitness=0.0001, relative_rmse=0.0001, max_iteration=20),\n",
    "        o3d.t.pipelines.registration.ICPConvergenceCriteria(0.00001, 0.00001, 15),\n",
    "        o3d.t.pipelines.registration.ICPConvergenceCriteria(0.000001, 0.000001, 10)\n",
    "    ]\n",
    "\n",
    "    # `max_correspondence_distances` for Multi-Scale ICP (o3d.utility.DoubleVector):\n",
    "    max_correspondence_distances = o3d.utility.DoubleVector([0.3, 0.14, 0.07])\n",
    "\n",
    "    # Initial alignment or source to target transform.\n",
    "    init_source_to_target = o3d.core.Tensor.eye(4, o3d.core.Dtype.Float32)\n",
    "\n",
    "    mu, sigma = 0, .1  # mean and standard deviation\n",
    "    # Select the `Estimation Method`, and `Robust Kernel` (for outlier-rejection).\n",
    "    #estimation = o3d.t.pipelines.registration.TransformationEstimationPointToPoint()\n",
    "    #estimation = o3d.t.pipelines.registration.TransformationEstimationPointToPlane(o3d.t.pipelines.registration.robust_kernel.RobustKernel(\n",
    "    #        o3d.t.pipelines.registration.robust_kernel.RobustKernelMethod.TukeyLoss, sigma))\n",
    "    #estimation = o3d.t.pipelines.registration.TransformationEstimationForGeneralizedICP()\n",
    "    \n",
    "    estimation = o3d.t.pipelines.registration.TransformationEstimationForColoredICP()#o3d.t.pipelines.registration.robust_kernel.RobustKernel(\n",
    "    #        o3d.t.pipelines.registration.robust_kernel.RobustKernelMethod.TukeyLoss, sigma))\n",
    "\n",
    "    #Save iteration wise `fitness`, `inlier_rmse`, etc. to analyse and tune result.\n",
    "    save_loss_log = True\n",
    "    \n",
    "    s = time.time()\n",
    "    \n",
    "\n",
    "    registration_ms_icp = o3d.t.pipelines.registration.multi_scale_icp(source, target,\n",
    "                                           voxel_sizes, criteria_list,\n",
    "                                           max_correspondence_distances, estimation_method = estimation)\n",
    "    \n",
    "    transformation_icp = registration_ms_icp.transformation\n",
    "    information_icp = o3d.t.pipelines.registration.get_information_matrix(source, target, max_correspondence_distances[2], registration_ms_icp.transformation)\n",
    "    \n",
    "    ms_icp_time = time.time() - s\n",
    "    #print(\"Time taken by Multi-Scale ICP: \", ms_icp_time)\n",
    "    #print(\"Inlier Fitness: \", registration_ms_icp.fitness)\n",
    "    #print(\"Inlier RMSE: \", registration_ms_icp.inlier_rmse)\n",
    "    \n",
    "    return transformation_icp, information_icp\n",
    "\n",
    "\n",
    "def full_registration(pcds):\n",
    "    pose_graph = o3d.pipelines.registration.PoseGraph()\n",
    "    odometry = np.identity(4)\n",
    "    pose_graph.nodes.append(o3d.pipelines.registration.PoseGraphNode(odometry))\n",
    "    n_pcds = len(pcds)\n",
    "\n",
    "    \n",
    "    for source_id in range(n_pcds):\n",
    "        for target_id in range(source_id + 1, n_pcds):\n",
    "            transformation_icp, information_icp = pairwise_registration(pcds[source_id], pcds[target_id])\n",
    "            \n",
    "            if target_id == source_id + 1:  # odometry case\n",
    "                odometry = np.dot(transformation_icp.numpy(), odometry)\n",
    "                pose_graph.nodes.append(o3d.pipelines.registration.PoseGraphNode(np.linalg.inv(odometry)))\n",
    "                pose_graph.edges.append(o3d.pipelines.registration.PoseGraphEdge(source_id,\n",
    "                                                             target_id,\n",
    "                                                             transformation_icp.numpy(),\n",
    "                                                             information_icp.numpy(),\n",
    "                                                             uncertain=False))\n",
    "            else:  # loop closure case\n",
    "                pose_graph.edges.append(\n",
    "                    o3d.pipelines.registration.PoseGraphEdge(source_id,\n",
    "                                                             target_id,\n",
    "                                                             transformation_icp.numpy(),\n",
    "                                                             information_icp.numpy(),\n",
    "                                                             uncertain=True))\n",
    "    return pose_graph\n",
    "\n",
    "\n",
    "\n",
    "def plot_rmse(registration_result):\n",
    "    fig, axes = plt.subplots(nrows=1, ncols=1, figsize=(20, 5))\n",
    "    axes.set_title(\"Inlier RMSE vs Iteration\")\n",
    "    axes.plot(registration_result.loss_log[\"index\"].numpy(),\n",
    "              registration_result.loss_log[\"inlier_rmse\"].numpy())\n",
    "\n",
    "\n",
    "def plot_scale_wise_rmse(registration_result):\n",
    "    scales = registration_result.loss_log[\"scale\"].numpy()\n",
    "    iterations = registration_result.loss_log[\"iteration\"].numpy()\n",
    "\n",
    "    num_scales = scales[-1][0] + 1\n",
    "\n",
    "    fig, axes = plt.subplots(nrows=1, ncols=num_scales, figsize=(20, 5))\n",
    "\n",
    "    masks = {}\n",
    "    \n",
    "    for scale in range(0, num_scales):\n",
    "        masks[scale] = registration_result.loss_log[\"scale\"] == scale\n",
    "\n",
    "        rmse = registration_result.loss_log[\"inlier_rmse\"][masks[scale]].numpy()\n",
    "        iteration = registration_result.loss_log[\"iteration\"][\n",
    "            masks[scale]].numpy()\n",
    "\n",
    "        title_prefix = \"Scale Index: \" + str(scale)\n",
    "        axes[scale].set_title(title_prefix + \" Inlier RMSE vs Iteration\")\n",
    "        axes[scale].plot(iteration, rmse)\n",
    "        \n",
    "def collectframes(picklefile = 'label', numframes=300, savebag = False):    \n",
    "    frames = []\n",
    "    for i in range(numframes):\n",
    "        success3d = fg3d.wait_for_frame(im3d)\n",
    "        success2d = fg2d.wait_for_frame(im2d)\n",
    "        if not success2d:\n",
    "            print('2d failed!')\n",
    "        if not success3d:\n",
    "            print('3d failed!')\n",
    "        frames.append((im3d.xyz_image() , im2d.jpeg_image(), im3d.distance_image()))   \n",
    "        #time.sleep(.1)\n",
    "    \n",
    "    if savebag:\n",
    "        with open(picklefile, \"wb\") as fp:\n",
    "            pickle.dump(frames, fp)\n",
    "    \n",
    "    return frames"
   ]
  },
  {
   "cell_type": "code",
   "execution_count": null,
   "id": "8de1c5a7-8476-46a2-a009-719282c65ae4",
   "metadata": {},
   "outputs": [],
   "source": [
    "o3r = O3RCamera()\n",
    "config = o3r.get()\n",
    "config['ports']['port0']['acquisition']['framerate'] = 20\n",
    "config['ports']['port2']['acquisition']['framerate'] = 20\n",
    "config['ports']['port0']['state'] = 'RUN'\n",
    "config['ports']['port2']['state'] = 'RUN'\n",
    "#config['ports']['port0']['processing']['diParam']['maxDistNoise'] = 0.02\n",
    "fg3d = FrameGrabber(o3r, 10, 50010)\n",
    "im3d = ImageBuffer()\n",
    "fg2d = FrameGrabber(o3r, 10, 50012)\n",
    "im2d = ImageBuffer()\n",
    "\n",
    "o3r.set(config)\n",
    "print(json.dumps(config,indent=4))\n"
   ]
  },
  {
   "cell_type": "code",
   "execution_count": 4,
   "id": "861775e6-4939-4e6f-8a3d-e0300183bf4a",
   "metadata": {},
   "outputs": [
    {
     "name": "stdout",
     "output_type": "stream",
     "text": [
      "DONE Collecting 0.20781707763671875\n",
      "30.36502742767334\n"
     ]
    }
   ],
   "source": [
    "time.sleep(15)\n",
    "s = time.time()\n",
    "frames = loadpickle('bag4')\n",
    "#frames = collectframes('bag4', 600, True)\n",
    "print('DONE Collecting ' + str(time.time() - s))\n",
    "\n",
    "s = time.time()\n",
    "pcds, maskpcds = load_point_clouds(frames)\n",
    "print(time.time() - s) \n",
    "#o3d.visualization.draw_geometries(pcds)"
   ]
  },
  {
   "cell_type": "code",
   "execution_count": 35,
   "id": "07b5b8b1-b4bf-4421-ac27-9f0dd0ddb663",
   "metadata": {},
   "outputs": [],
   "source": [
    "#voxel_sizes = o3d.utility.DoubleVector([0.1, 0.05, 0.025])\n",
    "#voxel_sizes = o3d.utility.DoubleVector([0.1, 0.05, 0.025])\n",
    "voxel_sizes = o3d.utility.DoubleVector([0.1, 0.05, 0.025])\n",
    "#voxel_sizes = o3d.utility.DoubleVector([0.1, 0.05, 0.025, 0.012])\n",
    "# List of Convergence-Criteria for Multi-Scale ICP:\n",
    "criteria_list = [\n",
    "    #o3d.t.pipelines.registration.ICPConvergenceCriteria(relative_fitness=0.0001, relative_rmse=0.0001, max_iteration=30),\n",
    "    o3d.t.pipelines.registration.ICPConvergenceCriteria(relative_fitness=0.0001, relative_rmse=0.0001, max_iteration=30),\n",
    "    o3d.t.pipelines.registration.ICPConvergenceCriteria(0.00001, 0.00001, 150),\n",
    "    o3d.t.pipelines.registration.ICPConvergenceCriteria(0.000001, 0.000001, 100)\n",
    "    \n",
    "]\n",
    "\n",
    "# `max_correspondence_distances` for Multi-Scale ICP (o3d.utility.DoubleVector):\n",
    "max_correspondence_distances = o3d.utility.DoubleVector([ 0.1, 0.05, 0.025])\n",
    "\n",
    "# Initial alignment or source to target transform.\n",
    "#init_source_to_target = o3d.core.Tensor.eye(4, o3d.core.Dtype.Float32)\n",
    "\n",
    "mu, sigma = 0, 1  # mean and standard deviation\n",
    "# Select the `Estimation Method`, and `Robust Kernel` (for outlier-rejection).\n",
    "estimation = o3d.t.pipelines.registration.TransformationEstimationPointToPoint()\n",
    "#estimation = o3d.t.pipelines.registration.TransformationEstimationPointToPlane()\n",
    "#estimation = o3d.t.pipelines.registration.TransformationEstimationForColoredICP()\n",
    "#estimation = o3d.t.pipelines.registration.TransformationEstimationForColoredICP(o3d.t.pipelines.registration.robust_kernel.RobustKernel(\n",
    "#            o3d.t.pipelines.registration.robust_kernel.RobustKernelMethod.TukeyLoss, sigma))\n",
    "#estimation = o3d.t.pipelines.registration.TransformationEstimationPointToPlane(o3d.t.pipelines.registration.robust_kernel.RobustKernel(\n",
    "#        o3d.t.pipelines.registration.robust_kernel.RobustKernelMethod.TukeyLoss, sigma))\n",
    "\n",
    "\n"
   ]
  },
  {
   "cell_type": "code",
   "execution_count": 6,
   "id": "472ca945-bf86-42bf-a6ab-aa466d3391d1",
   "metadata": {},
   "outputs": [],
   "source": [
    "newpcd = []\n",
    "cnt = 1\n",
    "checkevery = 600\n",
    "for i in range(0,500):     \n",
    "    pcd = pcds[i].voxel_down_sample(voxel_size=0.01)\n",
    "    \n",
    "    plane_model, inliers = pcd.segment_plane(distance_threshold=0.055, ransac_n=3, num_iterations=1000)\n",
    "    [a, b, c, d] = plane_model\n",
    "    \n",
    "    if cnt % checkevery == 0:\n",
    "        o3d.visualization.draw_geometries([pcd])\n",
    "        \n",
    "    inlier_cloud = pcd.select_by_index(inliers)\n",
    "    inlier_cloud.paint_uniform_color([1.0, 0, 0])\n",
    "    pcd = pcd.select_by_index(inliers, invert=True)\n",
    "    #pcd, o = outlier_cloud.remove_radius_outlier(5, .1,True)\n",
    "    \n",
    "    if cnt % checkevery == 0:\n",
    "        o3d.visualization.draw_geometries([pcd])\n",
    "    \n",
    "    #with o3d.utility.VerbosityContextManager(o3d.utility.VerbosityLevel.Debug) as cm:\n",
    "    labels = np.array(pcd.cluster_dbscan(eps=0.15, min_points=200))   \n",
    "    \n",
    "       \n",
    "    unique, counts = np.unique(labels[labels > -1], return_counts=True)\n",
    "    \n",
    "    \n",
    "    idxs = np.where(labels == unique[np.argmax(counts)])[0]\n",
    "    \n",
    "    cpcd = pcd.select_by_index(idxs)\n",
    "    \n",
    "    cpcd, o = cpcd.remove_radius_outlier(10, .1, True)\n",
    "    \n",
    "    #print(labels)\n",
    "    max_label = labels.max()\n",
    "    #print(f\"point cloud has {max_label + 1} clusters\")\n",
    "    colors = plt.get_cmap(\"tab20\")(labels / (max_label if max_label > 0 else 1))\n",
    "    colors[labels < 0] = 0\n",
    "    pcd.colors = o3d.utility.Vector3dVector(colors[:, :3])\n",
    "    if cnt % checkevery == 0:\n",
    "        o3d.visualization.draw_geometries([cpcd])\n",
    "    if cnt % checkevery == 0:    \n",
    "        o3d.visualization.draw_geometries([pcd])\n",
    "    pcd = cpcd\n",
    "    \n",
    "    pcd.estimate_normals(search_param=o3d.geometry.KDTreeSearchParamHybrid(radius=0.1, max_nn=30))\n",
    "    newpcd.append(pcd)\n",
    "    cnt = cnt + 1\n",
    "    \n",
    "#o3d.visualization.draw_geometries([pcd])\n",
    "#pcds = newpcd   \n",
    "    "
   ]
  },
  {
   "cell_type": "code",
   "execution_count": null,
   "id": "8c49735d-4ac2-4314-b4dc-610706bde959",
   "metadata": {},
   "outputs": [],
   "source": [
    "pcds = [o3d.t.geometry.PointCloud().from_legacy(i) for i in newpcd]\n",
    "tottime = time.time()\n",
    "master = None\n",
    "#hotpink =  o3d.t.geometry.PointCloud().from_legacy(maskpcds[0])\n",
    "\n",
    "\n",
    "step = 30\n",
    "#combinedpc =  o3d.geometry.PointCloud()\n",
    "for i in range(0, 300, step):    \n",
    "    s = time.time()\n",
    "    print(str(i) + \" \" + str(i+step+1))\n",
    "    graphpcs = pcds[i:i+step+1]\n",
    "    #print(len(graphpcs))\n",
    "    pose_graph = full_registration(graphpcs)\n",
    "    #print(len(pose_graph.nodes))\n",
    "    print(\"Optimizing PoseGraph ...\")\n",
    "    option = o3d.pipelines.registration.GlobalOptimizationOption(max_correspondence_distance=max_correspondence_distances[2],\n",
    "                                                                 edge_prune_threshold=0.25,\n",
    "                                                                 reference_node=step)\n",
    "    \n",
    "    o3d.pipelines.registration.global_optimization(pose_graph,\n",
    "        o3d.pipelines.registration.GlobalOptimizationLevenbergMarquardt(),\n",
    "        o3d.pipelines.registration.GlobalOptimizationConvergenceCriteria(),\n",
    "        option)\n",
    "    \n",
    "    \n",
    "    \n",
    "    # with o3d.utility.VerbosityContextManager(\n",
    "    #         o3d.utility.VerbosityLevel.Debug) as cm:\n",
    "    #     o3d.pipelines.registration.global_optimization(\n",
    "    #         pose_graph,\n",
    "    #         o3d.pipelines.registration.GlobalOptimizationLevenbergMarquardt(),\n",
    "    #         o3d.pipelines.registration.GlobalOptimizationConvergenceCriteria(),\n",
    "    #         option)\n",
    "    \n",
    "    \n",
    "    print(\"Transform points and display\")\n",
    "    \n",
    "    master.transform(pose_graph.nodes[0].pose)\n",
    "    for point_id in range(1,len(graphpcs)):        \n",
    "        graphpcs[point_id].transform(pose_graph.nodes[point_id].pose)  \n",
    "    \n",
    "    \n",
    "        master = master + graphpcs[point_id]\n",
    "        #legacy.append(graphpcs[point_id].to_legacy())\n",
    "    #o3d.visualization.draw_geometries([ x.to_legacy() for x in graphpcs ] )\n",
    "    #o3d.visualization.draw_geometries([master.to_legacy()])\n",
    "    \n",
    "    \n",
    "    \n",
    "    # registration_ms_icp = o3d.t.pipelines.registration.multi_scale_icp(source_cuda, target_cuda,\n",
    "    #                                        voxel_sizes, criteria_list,\n",
    "    #                                        max_correspondence_distances, estimation_method = estimation)#, init_source_to_target = result_ransac.transformation)#, save_loss_log=False)#,\n",
    "    #                                        #result_ransac.transformation, estimation,\n",
    "    #                                        #save_loss_log)\n",
    "\n",
    "    # source_cuda = source_cuda.cpu()\n",
    "    # target_cuda = target_cuda.cpu()\n",
    "    ms_icp_time = time.time() - s\n",
    "    print(\"Time taken Pose Estimation for \" + str(step) + \" frames: \", ms_icp_time)\n",
    "    #print(\"Inlier Fitness: \", registration_ms_icp.fitness)\n",
    "    #print(\"Inlier RMSE: \", registration_ms_icp.inlier_rmse)\n",
    "    \n",
    "    #master = master.transform(registration_ms_icp.transformation) + target_cuda \n",
    "    #hotpink = hotpink.transform(registration_ms_icp.transformation) + o3d.t.geometry.PointCloud().from_legacy(maskpcds[i]) \n",
    "        \n",
    "    \n",
    "print(time.time() - tottime)\n",
    "master = master.to_legacy()\n",
    "#hotpink = hotpink.to_legacy()\n",
    "o3d.visualization.draw_geometries([master])\n",
    "#o3d.visualization.draw_geometries([hotpink])"
   ]
  },
  {
   "cell_type": "code",
   "execution_count": 68,
   "id": "09a8b8df-2d01-4ad4-9efe-f5bde6b7c019",
   "metadata": {},
   "outputs": [
    {
     "name": "stdout",
     "output_type": "stream",
     "text": [
      "[[ 0.91745208  0.29498549 -0.26695551  0.57506318]\n",
      " [-0.30808552  0.95132841 -0.00758788 -0.21403843]\n",
      " [ 0.25172405  0.08920664  0.96367898  0.15007142]\n",
      " [-0.          0.         -0.          1.        ]]\n",
      "Time taken by Multi-Scale ICP:  0.27426648139953613\n",
      "Inlier Fitness:  0.3572649572649573\n",
      "Inlier RMSE:  5.046092274313856e-08\n",
      "[[ 9.99994423e-01  3.30501681e-03 -4.81370374e-04  2.91122084e-03]\n",
      " [-3.30712662e-03  9.99984629e-01 -4.45015689e-03  8.98744686e-03]\n",
      " [ 4.66655132e-04  4.45172402e-03  9.99989982e-01 -1.39556229e-03]\n",
      " [-0.00000000e+00  0.00000000e+00 -0.00000000e+00  1.00000000e+00]]\n",
      "Time taken by Multi-Scale ICP:  0.44899511337280273\n",
      "Inlier Fitness:  0.3572649572649573\n",
      "Inlier RMSE:  5.046092274313856e-08\n",
      "[[ 9.99999625e-01  8.64134685e-04 -4.93122677e-05  7.19979049e-04]\n",
      " [-8.64180809e-04  9.99999182e-01 -9.43107113e-04  5.08570605e-04]\n",
      " [ 4.84972558e-05  9.43149374e-04  9.99999554e-01 -3.97268185e-04]\n",
      " [-0.00000000e+00  0.00000000e+00 -0.00000000e+00  1.00000000e+00]]\n",
      "Time taken by Multi-Scale ICP:  0.480482816696167\n",
      "Inlier Fitness:  0.3572649572649573\n",
      "Inlier RMSE:  5.046092274313856e-08\n",
      "[[ 9.99992088e-01  3.41001140e-03  2.04813391e-03 -3.70401603e-03]\n",
      " [-3.39837520e-03  9.99978218e-01 -5.65822576e-03  8.70638609e-03]\n",
      " [-2.06738391e-03  5.65122067e-03  9.99981895e-01 -3.48759933e-04]\n",
      " [-0.00000000e+00 -0.00000000e+00 -0.00000000e+00  1.00000000e+00]]\n",
      "Time taken by Multi-Scale ICP:  0.45281338691711426\n",
      "Inlier Fitness:  0.3572649572649573\n",
      "Inlier RMSE:  5.046092274313856e-08\n",
      "[[ 9.99987805e-01  4.92543149e-03  3.59791200e-04  1.91692635e-04]\n",
      " [-4.92303172e-03  9.99967457e-01 -6.39125667e-03  8.91382142e-03]\n",
      " [-3.91259189e-04  6.38940746e-03  9.99979511e-01 -1.19408638e-03]\n",
      " [-0.00000000e+00 -0.00000000e+00 -0.00000000e+00  1.00000000e+00]]\n",
      "Time taken by Multi-Scale ICP:  0.4326813220977783\n",
      "Inlier Fitness:  0.3572649572649573\n",
      "Inlier RMSE:  5.046092274313856e-08\n",
      "[[ 9.99971123e-01  5.55511160e-03  5.18597762e-03 -7.50953032e-03]\n",
      " [-5.51383895e-03  9.99953282e-01 -7.93916921e-03  1.30256545e-02]\n",
      " [-5.22983831e-03  7.91034530e-03  9.99955037e-01 -1.38467485e-04]\n",
      " [-0.00000000e+00 -0.00000000e+00 -0.00000000e+00  1.00000000e+00]]\n",
      "Time taken by Multi-Scale ICP:  0.41673755645751953\n",
      "Inlier Fitness:  0.3572649572649573\n",
      "Inlier RMSE:  5.046092274313856e-08\n",
      "[[ 9.99936646e-01  9.26674511e-03  6.38987589e-03 -9.35319568e-03]\n",
      " [-9.19944444e-03  9.99902738e-01 -1.04825494e-02  1.85157533e-02]\n",
      " [-6.48639351e-03  1.04231020e-02  9.99924640e-01 -5.94592242e-04]\n",
      " [-0.00000000e+00 -0.00000000e+00 -0.00000000e+00  1.00000000e+00]]\n",
      "Time taken by Multi-Scale ICP:  0.41640567779541016\n",
      "Inlier Fitness:  0.3572649572649573\n",
      "Inlier RMSE:  5.046092274313856e-08\n",
      "[[ 9.99992360e-01  3.88827146e-03 -4.01614573e-04  1.81884302e-04]\n",
      " [-3.88914062e-03  9.99990047e-01 -2.18654394e-03  3.28699729e-03]\n",
      " [ 3.93108699e-04  2.18808917e-03  9.99997529e-01  2.50720631e-04]\n",
      " [-0.00000000e+00  0.00000000e+00 -0.00000000e+00  1.00000000e+00]]\n",
      "Time taken by Multi-Scale ICP:  0.43325090408325195\n",
      "Inlier Fitness:  0.3572649572649573\n",
      "Inlier RMSE:  5.046092274313856e-08\n",
      "[[ 9.99785865e-01  2.06860127e-02  5.59815499e-04 -4.21170905e-03]\n",
      " [-2.06792660e-02  9.99734591e-01 -1.01545409e-02  1.56319421e-02]\n",
      " [-7.69723882e-04  1.01407899e-02  9.99948285e-01 -1.67130549e-04]\n",
      " [-0.00000000e+00 -0.00000000e+00 -0.00000000e+00  1.00000000e+00]]\n",
      "Time taken by Multi-Scale ICP:  0.45030999183654785\n",
      "Inlier Fitness:  0.3572649572649573\n",
      "Inlier RMSE:  5.046092274313856e-08\n",
      "[[ 0.99995908  0.00351222  0.00833713 -0.01311057]\n",
      " [-0.00349936  0.99999267 -0.0015557   0.00447289]\n",
      " [-0.00834253  0.00152646  0.99996404  0.00141334]\n",
      " [-0.         -0.         -0.          1.        ]]\n",
      "Time taken by Multi-Scale ICP:  0.36643052101135254\n",
      "Inlier Fitness:  0.3572649572649573\n",
      "Inlier RMSE:  5.046092274313856e-08\n",
      "[[ 9.99991941e-01  2.44571746e-03  3.18389477e-03 -2.34130017e-03]\n",
      " [-2.42339003e-03  9.99972579e-01 -6.99768762e-03  1.54972021e-02]\n",
      " [-3.20092183e-03  6.98991540e-03  9.99970447e-01  3.83616450e-04]\n",
